                      1000         2000          3000          4000          5000          6000          7000          8000          9000           10000
native_sort        1.308680     2.838612      4.450321      6.222486      7.938385      9.807587     11.739969  2.598667e+01     15.424967      17.414808
bubble_sort     1088.783979  4540.484190  10411.710262  18580.904484  29215.607166  42540.326357  57661.558390  1.822053e+05  96420.524120  341286.290407
selection_sort   491.993904  1965.521812   4447.293758   7925.331593  12374.312162  18058.951378  24449.397802  1.046464e+06  40800.294399  420412.454844
insertion_sort   503.259182  2056.622982   4685.651302   8305.418015  13076.765776  18999.833107  25867.126465  1.081683e+06  43246.974707   53492.704153
cocktail_sort    997.612000  4117.090464   9358.066320  16522.758722  26059.519291  37723.988056  50941.337824  1.083092e+06  85058.260202  105133.351564
shell_sort        47.504902   115.522861    188.067675    283.039570    383.509874    455.526114    542.677879  1.295969e+03    775.034666     903.355837
merge_sort        37.898064    82.932472    133.197546    182.470322    237.399101    290.887117    342.611313  7.601233e+02    460.929155     519.593716
quick_sort        27.589798    61.164379     97.353935    136.969566    174.578667    214.881659    254.464388  5.584216e+02    338.225365     382.534742
heap_sort         54.395437   122.442484    196.812153    273.718357    355.309010    437.360525    538.057327  1.159182e+03    694.265366     788.529396
counting_sort    238.253832   241.449594    245.711088    249.601126    253.407955    257.424593    266.244411  5.020554e+02    268.023729     271.660328
bucket_sort       21.274328    53.629637     93.170643    142.700911    191.746473    249.223709    308.352947  7.193010e+02    441.606283     514.372110
radix_sort        32.511950    65.896749    101.149559    133.613586    168.642044    206.392050    240.680218  5.247674e+02    312.085152     349.382401
gnome_sort        96.915555   402.743483    921.002030   1630.218506   2570.650697   3725.464892   5025.153852  2.050257e+05   8372.944975   58055.389643
