+----------------------+------------+-----------+-----------+-----------+-----------+-----------+----------+-----------+-----------+-----------+
|                      |        100 |       200 |       300 |       400 |       500 |       600 |      700 |       800 |       900 |      1000 |
|----------------------+------------+-----------+-----------+-----------+-----------+-----------+----------+-----------+-----------+-----------|
| build_changing_hash  |  0.197172  |  0.395775 |  0.602245 |  0.831842 |  1.05166  |  1.14751  |  1.3361  |  1.56307  |  1.69873  |  1.90687  |
| build_quadratic_hash | 16.7432    | 16.7036   | 16.695    | 16.7067   | 16.7556   | 16.7089   | 16.7339  | 16.7258   | 16.7229   | 16.7418   |
| build_double_hash    |  0.546455  |  0.763178 |  0.95892  |  1.16611  |  1.41835  |  1.63031  |  1.88851 |  2.06637  |  2.24328  |  2.43473  |
| build_cuckoo_hash    |  0.0724792 |  0.1297   |  0.19598  |  0.230312 |  0.288486 |  0.329256 |  0.38743 |  0.425816 |  0.517607 |  0.576019 |
+----------------------+------------+-----------+-----------+-----------+-----------+-----------+----------+-----------+-----------+-----------+
+-----------------------+---------+---------+---------+---------+---------+---------+---------+---------+---------+---------+
|                       |     100 |     200 |     300 |     400 |     500 |     600 |     700 |     800 |     900 |    1000 |
|-----------------------+---------+---------+---------+---------+---------+---------+---------+---------+---------+---------|
| search_changing_hash  | 3.92914 | 3.91221 | 3.91865 | 3.91078 | 3.89767 | 3.90434 | 3.91078 | 3.93224 | 3.92151 | 3.92032 |
| search_quadratic_hash | 3.9196  | 3.89957 | 3.90887 | 3.88932 | 3.9053  | 3.88598 | 3.9041  | 3.9115  | 3.90625 | 3.90601 |
| search_double_hash    | 3.9196  | 3.90053 | 3.90077 | 3.89695 | 3.89314 | 3.89743 | 3.90029 | 3.91126 | 3.89957 | 3.90768 |
| search_cuckoo_hash    | 3.92771 | 3.90363 | 3.90053 | 3.89481 | 3.89123 | 3.90458 | 3.91364 | 3.896   | 3.90744 | 3.91579 |
+-----------------------+---------+---------+---------+---------+---------+---------+---------+---------+---------+---------+